  0.0000    1    4.500   1.0000        single
  4.5000    3    4.500   1.0000        hetero
  9.0000    0    1.500   1.0000          NULL 
 10.5000    1    4.500   1.0000        single
 15.0000    0    0.500   1.0000          NULL 
 15.5000    2    4.500   1.0000          homo
 20.0000    3    4.500   1.0000        hetero
 24.5000    0    1.500   1.0000          NULL 
 26.0000    2    4.500   1.0000          homo
 30.5000    0    3.000   1.0000          NULL 
 33.5000    3    4.500   1.0000        hetero
 38.0000    2    4.500   1.0000          homo
 42.5000    0    1.500   1.0000          NULL 
 44.0000    3    4.500   1.0000        hetero
 48.5000    2    4.500   1.0000          homo
 53.0000    3    4.500   1.0000        hetero
 57.5000    0    8.500   1.0000          NULL 
 66.0000    2    4.500   1.0000          homo
 70.5000    0    1.000   1.0000          NULL 
 71.5000    2    4.500   1.0000          homo
 76.0000    0    0.500   1.0000          NULL 
 76.5000    2    4.500   1.0000          homo
 81.0000    0    1.500   1.0000          NULL 
 82.5000    1    4.500   1.0000        single
 87.0000    0    1.500   1.0000          NULL 
 88.5000    1    4.500   1.0000        single
 93.0000    2    4.500   1.0000          homo
 97.5000    0    0.500   1.0000          NULL 
 98.0000    2    4.500   1.0000          homo
102.5000    0    2.000   1.0000          NULL 
104.5000    3    4.500   1.0000        hetero
109.0000    0    6.000   1.0000          NULL 
115.0000    1    4.500   1.0000        single
119.5000    0    3.500   1.0000          NULL 
123.0000    1    4.500   1.0000        single
127.5000    0    1.500   1.0000          NULL 
129.0000    1    4.500   1.0000        single
133.5000    0    2.000   1.0000          NULL 
135.5000    1    4.500   1.0000        single
140.0000    0    2.000   1.0000          NULL 
142.0000    1    4.500   1.0000        single
146.5000    0    0.500   1.0000          NULL 
147.0000    3    4.500   1.0000        hetero
151.5000    0    1.500   1.0000          NULL 
153.0000    2    4.500   1.0000          homo
157.5000    2    4.500   1.0000          homo
162.0000    0    1.500   1.0000          NULL 
163.5000    1    4.500   1.0000        single
168.0000    0    2.000   1.0000          NULL 
170.0000    2    4.500   1.0000          homo
174.5000    3    4.500   1.0000        hetero
179.0000    0    0.500   1.0000          NULL 
179.5000    1    4.500   1.0000        single
184.0000    0    1.500   1.0000          NULL 
185.5000    3    4.500   1.0000        hetero
190.0000    3    4.500   1.0000        hetero
194.5000    0    0.500   1.0000          NULL 
195.0000    3    4.500   1.0000        hetero
199.5000    0    1.000   1.0000          NULL 
200.5000    3    4.500   1.0000        hetero
205.0000    0    0.500   1.0000          NULL 
205.5000    1    4.500   1.0000        single
210.0000    0    7.000   1.0000          NULL 
217.0000    3    4.500   1.0000        hetero
221.5000    3    4.500   1.0000        hetero
226.0000    1    4.500   1.0000        single
230.5000    0    2.500   1.0000          NULL 
233.0000    1    4.500   1.0000        single
237.5000    0    2.000   1.0000          NULL 
239.5000    2    4.500   1.0000          homo
244.0000    0    2.500   1.0000          NULL 
246.5000    2    4.500   1.0000          homo
251.0000    0    1.000   1.0000          NULL 
252.0000    1    4.500   1.0000        single
256.5000    0    1.500   1.0000          NULL 
258.0000    2    4.500   1.0000          homo
262.5000    0    2.000   1.0000          NULL 
264.5000    1    4.500   1.0000        single
269.0000    0    0.500   1.0000          NULL 
269.5000    3    4.500   1.0000        hetero
274.0000    0    4.500   1.0000          NULL 
278.5000    1    4.500   1.0000        single
283.0000    0    4.500   1.0000          NULL 
287.5000    1    4.500   1.0000        single
292.0000    0    1.000   1.0000          NULL 
293.0000    2    4.500   1.0000          homo
297.5000    0    1.000   1.0000          NULL 
298.5000    2    4.500   1.0000          homo
303.0000    0    0.500   1.0000          NULL 
303.5000    3    4.500   1.0000        hetero
308.0000    0    1.500   1.0000          NULL 
309.5000    3    4.500   1.0000        hetero
314.0000    0    0.500   1.0000          NULL 
314.5000    3    4.500   1.0000        hetero
319.0000    2    4.500   1.0000          homo
323.5000    0    0.500   1.0000          NULL 
