  0.0000    2    4.500   1.0000          homo
  4.5000    0    2.500   1.0000          NULL 
  7.0000    3    4.500   1.0000        hetero
 11.5000    0    0.500   1.0000          NULL 
 12.0000    3    4.500   1.0000        hetero
 16.5000    0    4.500   1.0000          NULL 
 21.0000    2    4.500   1.0000          homo
 25.5000    1    4.500   1.0000        single
 30.0000    0    2.500   1.0000          NULL 
 32.5000    3    4.500   1.0000        hetero
 37.0000    3    4.500   1.0000        hetero
 41.5000    1    4.500   1.0000        single
 46.0000    0    1.000   1.0000          NULL 
 47.0000    1    4.500   1.0000        single
 51.5000    2    4.500   1.0000          homo
 56.0000    0    1.500   1.0000          NULL 
 57.5000    1    4.500   1.0000        single
 62.0000    0    1.000   1.0000          NULL 
 63.0000    1    4.500   1.0000        single
 67.5000    0    1.500   1.0000          NULL 
 69.0000    3    4.500   1.0000        hetero
 73.5000    2    4.500   1.0000          homo
 78.0000    0    0.500   1.0000          NULL 
 78.5000    1    4.500   1.0000        single
 83.0000    0    0.500   1.0000          NULL 
 83.5000    1    4.500   1.0000        single
 88.0000    0    1.500   1.0000          NULL 
 89.5000    3    4.500   1.0000        hetero
 94.0000    0    4.500   1.0000          NULL 
 98.5000    1    4.500   1.0000        single
103.0000    0    1.000   1.0000          NULL 
104.0000    2    4.500   1.0000          homo
108.5000    0    2.000   1.0000          NULL 
110.5000    2    4.500   1.0000          homo
115.0000    0    0.500   1.0000          NULL 
115.5000    2    4.500   1.0000          homo
120.0000    0    0.500   1.0000          NULL 
120.5000    1    4.500   1.0000        single
125.0000    0    1.000   1.0000          NULL 
126.0000    3    4.500   1.0000        hetero
130.5000    0    1.500   1.0000          NULL 
132.0000    3    4.500   1.0000        hetero
136.5000    1    4.500   1.0000        single
141.0000    3    4.500   1.0000        hetero
145.5000    0    6.000   1.0000          NULL 
151.5000    2    4.500   1.0000          homo
156.0000    0    1.000   1.0000          NULL 
157.0000    1    4.500   1.0000        single
161.5000    0    1.500   1.0000          NULL 
163.0000    2    4.500   1.0000          homo
167.5000    0    0.500   1.0000          NULL 
168.0000    1    4.500   1.0000        single
172.5000    1    4.500   1.0000        single
177.0000    0    0.500   1.0000          NULL 
177.5000    1    4.500   1.0000        single
182.0000    0    3.500   1.0000          NULL 
185.5000    3    4.500   1.0000        hetero
190.0000    1    4.500   1.0000        single
194.5000    0    2.500   1.0000          NULL 
197.0000    3    4.500   1.0000        hetero
201.5000    0    5.000   1.0000          NULL 
206.5000    2    4.500   1.0000          homo
211.0000    0    4.000   1.0000          NULL 
215.0000    1    4.500   1.0000        single
219.5000    3    4.500   1.0000        hetero
224.0000    0    0.500   1.0000          NULL 
224.5000    1    4.500   1.0000        single
229.0000    0    1.500   1.0000          NULL 
230.5000    2    4.500   1.0000          homo
235.0000    0    2.000   1.0000          NULL 
237.0000    2    4.500   1.0000          homo
241.5000    0    1.000   1.0000          NULL 
242.5000    3    4.500   1.0000        hetero
247.0000    0   11.000   1.0000          NULL 
258.0000    2    4.500   1.0000          homo
262.5000    0    2.500   1.0000          NULL 
265.0000    3    4.500   1.0000        hetero
269.5000    0    3.000   1.0000          NULL 
272.5000    2    4.500   1.0000          homo
277.0000    2    4.500   1.0000          homo
281.5000    0    2.000   1.0000          NULL 
283.5000    3    4.500   1.0000        hetero
288.0000    0    1.000   1.0000          NULL 
289.0000    3    4.500   1.0000        hetero
293.5000    0    0.500   1.0000          NULL 
294.0000    1    4.500   1.0000        single
298.5000    3    4.500   1.0000        hetero
303.0000    0    2.000   1.0000          NULL 
305.0000    2    4.500   1.0000          homo
309.5000    2    4.500   1.0000          homo
314.0000    3    4.500   1.0000        hetero
318.5000    0    0.500   1.0000          NULL 
319.0000    2    4.500   1.0000          homo
323.5000    0    0.500   1.0000          NULL 
