  0.0000    2    4.500   1.0000          homo
  4.5000    0    3.500   1.0000          NULL 
  8.0000    2    4.500   1.0000          homo
 12.5000    0    1.500   1.0000          NULL 
 14.0000    3    4.500   1.0000        hetero
 18.5000    0    1.500   1.0000          NULL 
 20.0000    1    4.500   1.0000        single
 24.5000    3    4.500   1.0000        hetero
 29.0000    0    0.500   1.0000          NULL 
 29.5000    1    4.500   1.0000        single
 34.0000    1    4.500   1.0000        single
 38.5000    0    2.000   1.0000          NULL 
 40.5000    3    4.500   1.0000        hetero
 45.0000    0    4.500   1.0000          NULL 
 49.5000    1    4.500   1.0000        single
 54.0000    0    2.000   1.0000          NULL 
 56.0000    3    4.500   1.0000        hetero
 60.5000    1    4.500   1.0000        single
 65.0000    0    0.500   1.0000          NULL 
 65.5000    3    4.500   1.0000        hetero
 70.0000    0    1.500   1.0000          NULL 
 71.5000    2    4.500   1.0000          homo
 76.0000    0    0.500   1.0000          NULL 
 76.5000    3    4.500   1.0000        hetero
 81.0000    0    4.500   1.0000          NULL 
 85.5000    2    4.500   1.0000          homo
 90.0000    0    7.000   1.0000          NULL 
 97.0000    1    4.500   1.0000        single
101.5000    0    3.000   1.0000          NULL 
104.5000    3    4.500   1.0000        hetero
109.0000    2    4.500   1.0000          homo
113.5000    0    1.000   1.0000          NULL 
114.5000    1    4.500   1.0000        single
119.0000    3    4.500   1.0000        hetero
123.5000    2    4.500   1.0000          homo
128.0000    0    0.500   1.0000          NULL 
128.5000    2    4.500   1.0000          homo
133.0000    2    4.500   1.0000          homo
137.5000    0    0.500   1.0000          NULL 
138.0000    3    4.500   1.0000        hetero
142.5000    1    4.500   1.0000        single
147.0000    0    3.500   1.0000          NULL 
150.5000    1    4.500   1.0000        single
155.0000    1    4.500   1.0000        single
159.5000    0    0.500   1.0000          NULL 
160.0000    2    4.500   1.0000          homo
164.5000    0    2.000   1.0000          NULL 
166.5000    2    4.500   1.0000          homo
171.0000    0    0.500   1.0000          NULL 
171.5000    3    4.500   1.0000        hetero
176.0000    0    1.000   1.0000          NULL 
177.0000    3    4.500   1.0000        hetero
181.5000    3    4.500   1.0000        hetero
186.0000    1    4.500   1.0000        single
190.5000    0    6.000   1.0000          NULL 
196.5000    2    4.500   1.0000          homo
201.0000    1    4.500   1.0000        single
205.5000    0    4.500   1.0000          NULL 
210.0000    1    4.500   1.0000        single
214.5000    2    4.500   1.0000          homo
219.0000    0    0.500   1.0000          NULL 
219.5000    1    4.500   1.0000        single
224.0000    3    4.500   1.0000        hetero
228.5000    0    1.000   1.0000          NULL 
229.5000    2    4.500   1.0000          homo
234.0000    3    4.500   1.0000        hetero
238.5000    3    4.500   1.0000        hetero
243.0000    3    4.500   1.0000        hetero
247.5000    0    1.500   1.0000          NULL 
249.0000    2    4.500   1.0000          homo
253.5000    0    7.500   1.0000          NULL 
261.0000    2    4.500   1.0000          homo
265.5000    0    2.000   1.0000          NULL 
267.5000    3    4.500   1.0000        hetero
272.0000    2    4.500   1.0000          homo
276.5000    0    4.500   1.0000          NULL 
281.0000    1    4.500   1.0000        single
285.5000    0    2.500   1.0000          NULL 
288.0000    1    4.500   1.0000        single
292.5000    0    0.500   1.0000          NULL 
293.0000    3    4.500   1.0000        hetero
297.5000    1    4.500   1.0000        single
302.0000    0    3.500   1.0000          NULL 
305.5000    2    4.500   1.0000          homo
310.0000    0    3.000   1.0000          NULL 
313.0000    1    4.500   1.0000        single
317.5000    2    4.500   1.0000          homo
322.0000    0    2.000   1.0000          NULL 
