  0.0000    2    4.500   1.0000          homo
  4.5000    0    2.500   1.0000          NULL 
  7.0000    1    4.500   1.0000        single
 11.5000    0    1.500   1.0000          NULL 
 13.0000    3    4.500   1.0000        hetero
 17.5000    2    4.500   1.0000          homo
 22.0000    1    4.500   1.0000        single
 26.5000    0    0.500   1.0000          NULL 
 27.0000    2    4.500   1.0000          homo
 31.5000    0    2.500   1.0000          NULL 
 34.0000    3    4.500   1.0000        hetero
 38.5000    0    4.000   1.0000          NULL 
 42.5000    2    4.500   1.0000          homo
 47.0000    0    2.000   1.0000          NULL 
 49.0000    1    4.500   1.0000        single
 53.5000    2    4.500   1.0000          homo
 58.0000    0    1.500   1.0000          NULL 
 59.5000    1    4.500   1.0000        single
 64.0000    0    0.500   1.0000          NULL 
 64.5000    2    4.500   1.0000          homo
 69.0000    0    4.000   1.0000          NULL 
 73.0000    1    4.500   1.0000        single
 77.5000    3    4.500   1.0000        hetero
 82.0000    3    4.500   1.0000        hetero
 86.5000    2    4.500   1.0000          homo
 91.0000    3    4.500   1.0000        hetero
 95.5000    0    6.000   1.0000          NULL 
101.5000    2    4.500   1.0000          homo
106.0000    0    2.000   1.0000          NULL 
108.0000    1    4.500   1.0000        single
112.5000    0    1.500   1.0000          NULL 
114.0000    2    4.500   1.0000          homo
118.5000    2    4.500   1.0000          homo
123.0000    0    1.500   1.0000          NULL 
124.5000    3    4.500   1.0000        hetero
129.0000    0    1.000   1.0000          NULL 
130.0000    1    4.500   1.0000        single
134.5000    0    6.000   1.0000          NULL 
140.5000    3    4.500   1.0000        hetero
145.0000    2    4.500   1.0000          homo
149.5000    2    4.500   1.0000          homo
154.0000    0    4.000   1.0000          NULL 
158.0000    1    4.500   1.0000        single
162.5000    1    4.500   1.0000        single
167.0000    0    2.500   1.0000          NULL 
169.5000    3    4.500   1.0000        hetero
174.0000    0    2.500   1.0000          NULL 
176.5000    1    4.500   1.0000        single
181.0000    0    1.000   1.0000          NULL 
182.0000    1    4.500   1.0000        single
186.5000    0    0.500   1.0000          NULL 
187.0000    1    4.500   1.0000        single
191.5000    2    4.500   1.0000          homo
196.0000    0    1.500   1.0000          NULL 
197.5000    2    4.500   1.0000          homo
202.0000    3    4.500   1.0000        hetero
206.5000    0    0.500   1.0000          NULL 
207.0000    2    4.500   1.0000          homo
211.5000    0    2.000   1.0000          NULL 
213.5000    3    4.500   1.0000        hetero
218.0000    0    1.000   1.0000          NULL 
219.0000    1    4.500   1.0000        single
223.5000    0    0.500   1.0000          NULL 
224.0000    3    4.500   1.0000        hetero
228.5000    0    5.000   1.0000          NULL 
233.5000    3    4.500   1.0000        hetero
238.0000    0    3.000   1.0000          NULL 
241.0000    3    4.500   1.0000        hetero
245.5000    1    4.500   1.0000        single
250.0000    0    0.500   1.0000          NULL 
250.5000    1    4.500   1.0000        single
255.0000    0    1.000   1.0000          NULL 
256.0000    3    4.500   1.0000        hetero
260.5000    0    1.000   1.0000          NULL 
261.5000    2    4.500   1.0000          homo
266.0000    0    0.500   1.0000          NULL 
266.5000    3    4.500   1.0000        hetero
271.0000    0    1.500   1.0000          NULL 
272.5000    2    4.500   1.0000          homo
277.0000    0    0.500   1.0000          NULL 
277.5000    1    4.500   1.0000        single
282.0000    0    4.000   1.0000          NULL 
286.0000    1    4.500   1.0000        single
290.5000    0    0.500   1.0000          NULL 
291.0000    3    4.500   1.0000        hetero
295.5000    0    1.000   1.0000          NULL 
296.5000    2    4.500   1.0000          homo
301.0000    0    5.000   1.0000          NULL 
306.0000    3    4.500   1.0000        hetero
310.5000    0    3.000   1.0000          NULL 
313.5000    1    4.500   1.0000        single
318.0000    0    1.500   1.0000          NULL 
319.5000    3    4.500   1.0000        hetero
