  0.0000    1    4.500   1.0000        single
  4.5000    0    0.500   1.0000          NULL 
  5.0000    2    4.500   1.0000          homo
  9.5000    0    1.000   1.0000          NULL 
 10.5000    1    4.500   1.0000        single
 15.0000    2    4.500   1.0000          homo
 19.5000    0    2.500   1.0000          NULL 
 22.0000    3    4.500   1.0000        hetero
 26.5000    0    0.500   1.0000          NULL 
 27.0000    3    4.500   1.0000        hetero
 31.5000    0    0.500   1.0000          NULL 
 32.0000    3    4.500   1.0000        hetero
 36.5000    2    4.500   1.0000          homo
 41.0000    0    2.000   1.0000          NULL 
 43.0000    3    4.500   1.0000        hetero
 47.5000    1    4.500   1.0000        single
 52.0000    0    6.000   1.0000          NULL 
 58.0000    2    4.500   1.0000          homo
 62.5000    0    2.500   1.0000          NULL 
 65.0000    1    4.500   1.0000        single
 69.5000    3    4.500   1.0000        hetero
 74.0000    0    2.000   1.0000          NULL 
 76.0000    1    4.500   1.0000        single
 80.5000    0    2.000   1.0000          NULL 
 82.5000    1    4.500   1.0000        single
 87.0000    0    0.500   1.0000          NULL 
 87.5000    2    4.500   1.0000          homo
 92.0000    0    3.000   1.0000          NULL 
 95.0000    2    4.500   1.0000          homo
 99.5000    0    4.000   1.0000          NULL 
103.5000    3    4.500   1.0000        hetero
108.0000    1    4.500   1.0000        single
112.5000    0    0.500   1.0000          NULL 
113.0000    3    4.500   1.0000        hetero
117.5000    0    1.000   1.0000          NULL 
118.5000    3    4.500   1.0000        hetero
123.0000    0    1.000   1.0000          NULL 
124.0000    2    4.500   1.0000          homo
128.5000    3    4.500   1.0000        hetero
133.0000    0    1.000   1.0000          NULL 
134.0000    1    4.500   1.0000        single
138.5000    0    7.500   1.0000          NULL 
146.0000    1    4.500   1.0000        single
150.5000    2    4.500   1.0000          homo
155.0000    0    1.000   1.0000          NULL 
156.0000    2    4.500   1.0000          homo
160.5000    0    2.500   1.0000          NULL 
163.0000    1    4.500   1.0000        single
167.5000    0    4.000   1.0000          NULL 
171.5000    2    4.500   1.0000          homo
176.0000    0    1.500   1.0000          NULL 
177.5000    1    4.500   1.0000        single
182.0000    0    0.500   1.0000          NULL 
182.5000    3    4.500   1.0000        hetero
187.0000    0    4.000   1.0000          NULL 
191.0000    1    4.500   1.0000        single
195.5000    0    4.000   1.0000          NULL 
199.5000    3    4.500   1.0000        hetero
204.0000    3    4.500   1.0000        hetero
208.5000    0    3.000   1.0000          NULL 
211.5000    3    4.500   1.0000        hetero
216.0000    0    2.500   1.0000          NULL 
218.5000    1    4.500   1.0000        single
223.0000    0    1.500   1.0000          NULL 
224.5000    3    4.500   1.0000        hetero
229.0000    0    1.000   1.0000          NULL 
230.0000    2    4.500   1.0000          homo
234.5000    0    0.500   1.0000          NULL 
235.0000    2    4.500   1.0000          homo
239.5000    0    2.500   1.0000          NULL 
242.0000    3    4.500   1.0000        hetero
246.5000    0    0.500   1.0000          NULL 
247.0000    2    4.500   1.0000          homo
251.5000    2    4.500   1.0000          homo
256.0000    3    4.500   1.0000        hetero
260.5000    0    0.500   1.0000          NULL 
261.0000    1    4.500   1.0000        single
265.5000    1    4.500   1.0000        single
270.0000    0    0.500   1.0000          NULL 
270.5000    2    4.500   1.0000          homo
275.0000    0    2.000   1.0000          NULL 
277.0000    1    4.500   1.0000        single
281.5000    0    1.000   1.0000          NULL 
282.5000    2    4.500   1.0000          homo
287.0000    0    0.500   1.0000          NULL 
287.5000    2    4.500   1.0000          homo
292.0000    0    0.500   1.0000          NULL 
292.5000    3    4.500   1.0000        hetero
297.0000    3    4.500   1.0000        hetero
301.5000    0    0.500   1.0000          NULL 
302.0000    2    4.500   1.0000          homo
306.5000    0    1.500   1.0000          NULL 
308.0000    1    4.500   1.0000        single
312.5000    0    3.000   1.0000          NULL 
315.5000    1    4.500   1.0000        single
320.0000    0    4.000   1.0000          NULL 
